3160 41.274
4.586 0 108
5.345 1 126
6.104 3 144
6.864 2 162
7.623 3 180
8.383 2 198
9.142 1 216
9.902 0 234
10.282 1 243
10.661 2 252
11.041 2 261
11.801 3 280
12.180 2 289
12.560 2 298
12.940 3 306
13.699 2 325
14.079 2 334
15.029 2 356
15.218 3 361
15.978 0 379
16.168 1 384
16.358 2 388
16.548 3 393
16.737 0 397
17.497 1 415
18.256 2 433
19.016 3 451
19.775 2 469
20.535 1 488
20.915 1 497
21.294 2 506
22.054 0 524
22.434 1 533
22.813 2 542
23.193 2 551
23.573 2 560
23.763 2 565
23.953 2 569
24.332 1 578
24.712 2 587
25.092 2 596
25.282 2 601
25.472 2 605
25.851 3 614
26.231 2 623
26.611 1 632
26.991 0 641
27.180 1 646
27.370 2 650
27.560 3 655
27.750 2 659
27.940 1 664
28.130 0 668
28.320 1 673
28.510 2 677
28.699 3 682
28.889 3 686
29.269 0 695
29.459 1 700
29.649 2 705
29.839 1 709
30.029 0 714
30.218 1 718
30.408 2 723
30.598 3 727
30.788 2 732
30.978 1 736
31.168 2 741
31.358 3 745
31.927 3 759
32.117 3 763
32.307 0 768
32.497 1 772
32.687 2 777
32.877 2 781
33.446 3 795
33.636 2 799
33.826 1 804
34.016 1 808
34.206 3 813
34.396 3 818
34.965 0 831
35.155 0 836
35.345 3 840
35.535 2 845
35.725 1 849
35.978 1 855
36.484 0 867
36.674 1 872
36.864 2 876
37.054 2 881
37.623 3 894
37.813 0 899
38.003 0 903
38.193 1 908
38.383 2 912
38.573 3 917
38.763 3 922
39.332 2 935
39.522 2 940
39.712 1 944
39.902 1 949
40.092 2 953
40.282 2 958
41.041 0 976
41.231 1 980
41.421 3 985
41.611 2 989
41.801 1 994
41.991 0 998
42.180 2 1003
42.370 3 1007
42.560 0 1012
42.750 1 1016
42.940 2 1021
43.130 2 1025
43.320 3 1030
43.510 2 1035
43.699 1 1039
43.889 1 1044
44.079 3 1048
44.459 2 1057
44.839 1 1066
45.218 0 1075
45.598 1 1084
45.788 2 1089
45.978 2 1093
46.168 0 1098
46.358 1 1102
46.548 2 1107
46.737 2 1111
47.117 3 1120
47.307 2 1125
47.877 0 1139
48.067 1 1143
48.636 3 1157
49.016 2 1166
49.396 1 1175
49.775 0 1184
49.965 0 1188
50.155 0 1193
50.345 1 1197
50.535 1 1202
50.915 2 1211
51.294 3 1220
51.484 3 1224
51.674 3 1229
51.864 2 1233
52.054 2 1238
52.434 1 1247
52.623 1 1252
52.813 0 1256
53.003 0 1261
53.193 0 1265
53.383 3 1270
53.763 1 1279
53.953 2 1283
54.142 1 1288
54.332 2 1292
54.522 1 1297
54.712 2 1301
56.168 2 1336
57.370 1 1364
57.560 1 1369
57.750 0 1374
58.510 1 1392
58.889 2 1401
59.332 3 1411
59.712 3 1420
60.092 3 1429
60.472 2 1438
60.851 1 1447
61.231 0 1456
61.611 0 1466
61.991 1 1475
62.370 0 1483
63.636 2 1513
63.826 3 1518
64.586 2 1536
64.775 3 1540
65.155 2 1549
65.345 1 1554
66.864 0 1590
67.054 1 1594
67.623 3 1608
68.003 2 1617
68.383 1 1626
68.763 2 1635
69.142 1 1644
69.522 1 1653
69.902 0 1662
70.282 0 1671
70.661 1 1680
71.041 2 1689
71.421 3 1698
71.801 1 1707
72.180 3 1716
72.560 2 1725
72.750 3 1730
72.940 3 1735
74.459 0 1771
74.649 0 1775
74.839 1 1780
75.218 2 1789
75.598 3 1798
75.978 3 1807
76.168 3 1811
76.358 2 1816
76.737 2 1825
77.117 1 1834
77.497 0 1819
77.687 0 1824
78.256 3 1861
78.636 2 1870
79.016 1 1879
79.206 0 1884
79.396 1 1888
79.586 2 1893
79.775 1 1897
79.965 0 1902
80.155 1 1906
80.345 2 1911
80.535 3 1915
80.915 3 1924
81.294 2 1933
81.674 1 1942
82.054 0 1951
82.434 2 1960
82.813 3 1970
83.193 2 1979
83.573 1 1988
83.763 2 1992
83.953 2 1997
84.142 2 2001
84.332 2 2006
84.712 1 2015
84.902 0 2019
85.092 1 2024
85.472 3 2033
85.851 2 2042
86.231 1 2051
86.611 2 2060
86.991 0 2069
87.370 3 2078
87.750 0 2087
88.130 2 2096
88.320 0 2101
88.510 0 2105
88.699 2 2110
88.889 1 2114
89.079 0 2119
89.269 0 2123
89.649 3 2132
90.598 1 2155
90.788 2 2159
90.978 1 2164
91.168 0 2169
91.358 0 2173
91.548 0 2178
91.927 2 2187
92.117 3 2191
92.497 2 2200
92.687 3 2205
93.067 1 2214
93.256 2 2218
93.446 3 2223
93.826 2 2232
94.016 3 2236
94.206 2 2241
94.586 1 2250
94.965 0 2259
95.345 0 2268
95.535 1 2273
95.725 2 2277
96.104 2 2286
96.864 3 2304
97.054 2 2309
97.244 1 2313
97.623 0 2322
98.763 2 2349
98.953 3 2354
99.332 0 2363
99.522 1 2367
99.712 1 2372
100.282 0 2385
100.535 1 2392
100.788 0 2397
101.041 1 2404
101.294 0 2410
101.548 1 2416
101.801 1 2422
102.180 1 2431
102.560 2 2440
102.940 3 2449
103.320 2 2458
103.699 1 2467
104.079 0 2476
104.712 0 2491
104.839 1 2494
105.472 3 2509
105.598 2 2512
106.358 0 2530
107.497 2 2557
107.623 3 2560
107.877 2 2566
108.256 0 2576
109.016 1 2593
109.396 1 2603
109.586 2 2607
109.775 2 2612
110.155 1 2621
110.345 0 2625
110.535 1 2630
110.725 1 2634
110.915 2 2639
111.104 3 2643
112.054 1 2666
112.244 0 2670
112.434 1 2675
112.623 2 2679
112.813 3 2684
113.003 2 2688
113.193 1 2693
113.383 0 2697
113.573 0 2702
113.763 0 2707
113.953 2 2711
114.142 2 2716
114.332 3 2720
114.522 1 2725
114.712 1 2729
114.902 0 2734
115.092 0 2738
115.472 1 2747
115.661 2 2752
115.851 3 2756
115.978 2 2759
116.104 1 2762
116.231 2 2765
116.421 3 2770
116.611 3 2774
117.180 0 2788
117.370 0 2792
117.750 1 2801
118.130 2 2810
118.510 3 2820
118.889 2 2829
119.269 2 2838
119.649 0 2847
120.218 0 2860
120.408 1 2865
120.598 2 2869
120.788 3 2874
120.978 2 2878
121.168 1 2883
121.358 2 2887
121.548 3 2892
122.370 3 2911
123.130 2 2930
123.889 3 2948
124.712 1 2967
125.472 0 2985
126.231 1 3003
126.991 2 3021
128.067 2 3047
128.130 3 3048


